1 1 1 4 5 14.0052 myo;
2 1 2 3 2 4.90378 myo;
3 1 2 3 3 14.1092 myo;
4 1 3 2 4 9.41017 myo;
5 1 4 1 5 11.2006 myo;
6 1 5 5 1 0.732007 myo;
7 1 5 5 4 15.0207 myo;
8 1 6 3 4 7.18369 myo;
9 1 7 2 4 7.30472 myo;
10 1 8 4 4 6.66558 myo;
11 1 9 5 4 8.88406 myo;
12 1 10 1 1 0.413 myo;
13 1 10 1 1 2.23104 myo;
14 1 10 1 4 9.76024 myo;
15 1 11 2 1 0.411 myo;
16 1 11 2 3 8.74203 myo;
17 1 12 4 3 7.43375 myo;
18 1 13 5 3 3.19306 myo;
19 1 14 3 4 6.51655 myo;
20 1 15 1 2 5.10174 myo;
21 1 16 4 1 0.523003 myo;
22 1 16 4 1 4.72981 myo;
23 1 16 4 3 12.3968 myo;
24 1 17 2 1 0.514002 myo;
25 1 17 2 4 6.79261 myo;
26 1 18 5 3 5.84962 myo;
27 1 19 1 3 8.53498 myo;
28 1 20 3 1 0.83101 myo;
29 1 20 3 2 4.94077 myo;
30 1 20 3 2 9.82626 myo;
31 1 21 4 1 0.569004 myo;
32 1 21 4 2 8.51398 myo;
33 1 22 2 2 2.54305 myo;
34 1 22 2 1 7.93285 myo;
35 1 23 1 2 2.19204 myo;
36 1 24 5 2 1.82303 myo;
37 1 25 3 2 2.28804 myo;
