1 1 1 1 4 4.57983 pho;
2 1 2 4 5 6.83662 pho;
3 1 3 3 2 3.97793 pho;
4 1 4 2 0 12.8968 pho;
5 1 5 5 5 5.19873 pho;
6 1 6 4 6 4.85579 pho;
7 1 7 1 5 4.41986 pho;
8 1 8 3 1 1.41702 pho;
9 1 8 3 4 5.75563 pho;
10 1 9 2 4 5.01476 pho;
11 1 10 5 5 4.91278 pho;
12 1 11 3 5 4.13691 pho;
13 1 12 4 5 4.67182 pho;
14 1 13 2 4 5.68465 pho;
15 1 14 1 6 4.58483 pho;
16 1 15 5 7 4.65482 pho;
17 1 16 3 6 3.72897 pho;
18 1 17 4 6 3.45602 pho;
19 1 18 2 7 11.3266 pho;
20 1 19 5 2 3.71598 pho;
21 1 20 1 6 8.18091 pho;
22 1 21 4 3 3.49401 pho;
23 1 21 4 3 20.0239 pho;
24 1 22 3 8 19.4253 pho;
25 1 23 1 5 4.51484 pho;
26 1 24 2 5 4.62083 pho;
27 1 25 5 7 10.5734 pho;
28 1 1 3 1 2.38604 myo;
29 1 1 3 2 14.2381 myo;
30 1 1 3 2 20.0019 myo;
31 1 1 3 2 32.6748 myo;
32 1 1 3 2 44.3291 myo;
33 1 2 4 1 2.38505 myo;
34 1 2 4 4 28.5467 myo;
35 1 2 4 1 36.3604 myo;
36 1 2 4 2 45.1209 myo;
37 1 2 4 2 68.4817 myo;
38 1 2 4 2 80.4984 myo;
39 1 2 4 2 87.5213 myo;
40 1 2 4 2 96.6662 myo;
41 1 2 4 2 108.115 myo;
42 1 2 4 2 120.399 myo;
43 1 3 1 2 6.54356 myo;
44 1 3 1 2 16.257 myo;
45 1 3 1 2 29.0192 myo;
46 1 3 1 2 52.443 myo;
47 1 3 1 2 56.9835 myo;
48 1 4 5 2 5.42669 myo;
49 1 4 5 2 15.9452 myo;
50 1 4 5 2 24.3346 myo;
51 1 5 2 2 10.4124 myo;
52 1 5 2 2 25.757 myo;
53 1 5 2 2 36.3834 myo;
54 1 5 2 2 51.5562 myo;
55 1 5 2 2 63.5929 myo;
56 1 6 1 2 7.6828 myo;
57 1 6 1 2 15.4884 myo;
58 1 6 1 2 24.4155 myo;
59 1 7 4 3 10.4394 myo;
60 1 7 4 2 24.2896 myo;
61 1 8 5 2 7.07167 myo;
62 1 8 5 2 16.0471 myo;
63 1 8 5 2 26.3386 myo;
64 1 9 3 2 10.8315 myo;
65 1 9 3 1 15.8262 myo;
66 1 10 2 4 0.12 myo;
67 1 10 2 2 4.91778 myo;
68 1 11 4 3 0.188 myo;
69 1 11 4 2 4.39386 myo;
70 1 11 4 2 20.8465 myo;
71 1 11 4 2 28.3706 myo;
72 1 12 1 3 11.6286 myo;
73 1 12 1 2 19.5542 myo;
74 1 13 3 2 6.09358 myo;
75 1 13 3 2 18.3778 myo;
76 1 13 3 2 31.5687 myo;
77 1 14 2 2 7.12568 myo;
78 1 14 2 3 20.5296 myo;
79 1 15 5 3 11.4176 myo;
80 1 15 5 3 24.9622 myo;
81 1 16 4 2 5.92861 myo;
82 1 16 4 2 14.5439 myo;
83 1 16 4 2 25.5789 myo;
84 1 17 3 3 12.5318 myo;
85 1 17 3 2 22.1528 myo;
86 1 18 1 4 14.2291 myo;
87 1 19 5 2 7.76582 myo;
88 1 19 5 4 30.2644 myo;
89 1 20 2 2 7.84984 myo;
90 1 20 2 3 24.0837 myo;
91 1 21 1 4 22.5235 myo;
92 1 22 4 4 16.1201 myo;
93 1 23 2 4 12.4628 myo;
94 1 24 5 2 7.99987 myo;
95 1 24 5 4 30.7108 myo;
96 1 25 3 5 15.5614 myo;
