1 1 1 1 4 4.57983 myo;
2 1 2 4 5 6.83662 myo;
3 1 3 3 2 3.97793 myo;
4 1 4 2 0 12.8968 myo;
5 1 5 5 5 5.19873 myo;
6 1 6 4 6 4.85579 myo;
7 1 7 1 5 4.41986 myo;
8 1 8 3 1 1.41702 myo;
9 1 8 3 4 5.75563 myo;
10 1 9 2 4 5.01476 myo;
11 1 10 5 5 4.91278 myo;
12 1 11 3 5 4.13691 myo;
13 1 12 4 5 4.67182 myo;
14 1 13 2 4 5.68465 myo;
15 1 14 1 6 4.58483 myo;
16 1 15 5 7 4.65482 myo;
17 1 16 3 6 3.72897 myo;
18 1 17 4 6 3.45602 myo;
19 1 18 2 7 11.3266 myo;
20 1 19 5 2 3.71598 myo;
21 1 20 1 6 8.18091 myo;
22 1 21 4 3 3.49401 myo;
23 1 21 4 3 20.0239 myo;
24 1 22 3 8 19.4253 myo;
25 1 23 1 5 4.51484 myo;
26 1 24 2 5 4.62083 myo;
27 1 25 5 7 10.5734 myo;
