1 1 1 1 4 4.57983 pho;
2 1 2 4 5 6.83662 pho;
3 1 3 3 2 3.97793 pho;
4 1 4 2 0 12.8968 pho;
5 1 5 5 5 5.19873 pho;
6 1 6 4 6 4.85579 pho;
7 1 7 1 5 4.41986 pho;
8 1 8 3 1 1.41702 pho;
9 1 8 3 4 5.75563 pho;
10 1 9 2 4 5.01476 pho;
11 1 10 5 5 4.91278 pho;
12 1 11 3 5 4.13691 pho;
13 1 12 4 5 4.67182 pho;
14 1 13 2 4 5.68465 pho;
15 1 14 1 6 4.58483 pho;
16 1 15 5 7 4.65482 pho;
17 1 16 3 6 3.72897 pho;
18 1 17 4 6 3.45602 pho;
19 1 18 2 7 11.3266 pho;
20 1 19 5 2 3.71598 pho;
21 1 20 1 6 8.18091 pho;
22 1 21 4 3 3.49401 pho;
23 1 21 4 3 20.0239 pho;
24 1 22 3 8 19.4253 pho;
25 1 23 1 5 4.51484 pho;
26 1 24 2 5 4.62083 pho;
27 1 25 5 7 10.5734 pho;
28 1 1 3 1 2.38604 myo;
29 1 1 3 2 14.2381 myo;
30 1 1 3 2 20.0019 myo;
31 1 1 3 2 32.6748 myo;
32 1 1 3 2 44.3291 myo;
33 1 2 4 1 2.38505 myo;
34 1 2 4 4 28.5467 myo;
35 1 2 4 1 36.3604 myo;
36 1 2 4 2 45.1209 myo;
37 1 2 4 2 68.4817 myo;
38 1 2 4 2 80.4984 myo;
39 1 2 4 2 87.5213 myo;
40 1 2 4 2 96.6662 myo;
41 1 2 4 2 108.115 myo;
42 1 2 4 2 120.399 myo;
43 1 3 1 2 6.54356 myo;
44 1 3 1 2 16.257 myo;
45 1 3 1 2 29.0192 myo;
46 1 3 1 2 52.443 myo;
47 1 3 1 2 56.9835 myo;
48 1 4 5 2 5.42669 myo;
49 1 4 5 2 15.9452 myo;
50 1 4 5 2 24.3346 myo;
51 1 5 2 2 10.4124 myo;
52 1 5 2 2 25.757 myo;
53 1 5 2 2 36.3834 myo;
54 1 5 2 2 51.5562 myo;
55 1 5 2 2 63.5929 myo;
56 1 6 1 2 7.6828 myo;
57 1 6 1 2 15.4884 myo;
58 1 6 1 2 24.4155 myo;
59 1 7 4 3 10.4394 myo;
60 1 7 4 2 24.2896 myo;
61 1 8 5 2 7.07167 myo;
62 1 8 5 2 16.0471 myo;
63 1 8 5 2 26.3386 myo;
64 1 9 3 2 10.8315 myo;
65 1 9 3 1 15.8262 myo;
66 1 10 2 4 0.12 myo;
67 1 10 2 2 4.91778 myo;
68 1 11 4 3 0.188 myo;
69 1 11 4 2 4.39386 myo;
70 1 11 4 2 20.8465 myo;
71 1 11 4 2 28.3706 myo;
72 1 12 1 3 11.6286 myo;
73 1 12 1 2 19.5542 myo;
74 1 13 3 2 6.09358 myo;
75 1 13 3 2 18.3778 myo;
76 1 13 3 2 31.5687 myo;
77 1 14 2 2 7.12568 myo;
78 1 14 2 3 20.5296 myo;
79 1 15 5 3 11.4176 myo;
80 1 15 5 3 24.9622 myo;
81 1 16 4 2 5.92861 myo;
82 1 16 4 2 14.5439 myo;
83 1 16 4 2 25.5789 myo;
84 1 17 3 3 12.5318 myo;
85 1 17 3 2 22.1528 myo;
86 1 18 1 4 14.2291 myo;
87 1 19 5 2 7.76582 myo;
88 1 19 5 4 30.2644 myo;
89 1 20 2 2 7.84984 myo;
90 1 20 2 3 24.0837 myo;
91 1 21 1 4 22.5235 myo;
92 1 22 4 4 16.1201 myo;
93 1 23 2 4 12.4628 myo;
94 1 24 5 2 7.99987 myo;
95 1 24 5 4 30.7108 myo;
96 1 25 3 5 15.5614 myo;
97 2 1 2 19 57.3328 pho;
98 2 2 3 6 26.4687 pho;
99 2 3 4 8 12.1558 pho;
100 2 4 5 5 8.33194 pho;
101 2 5 1 4 5.52067 pho;
102 2 6 4 5 6.07758 pho;
103 2 7 2 4 9.70423 pho;
104 2 8 3 6 10.3384 pho;
105 2 9 5 9 21.0693 pho;
106 2 10 1 6 15.5424 pho;
107 2 11 4 5 8.70702 pho;
108 2 12 3 0 12.9578 pho;
109 2 13 2 5 5.61766 pho;
110 2 14 1 4 7.54977 pho;
111 2 15 5 5 5.39769 pho;
112 2 16 2 4 5.52167 pho;
113 2 17 4 3 6.91064 pho;
114 2 17 4 0 14.7348 pho;
115 2 17 4 0 17.8041 pho;
116 2 17 4 6 26.2645 pho;
117 2 18 1 5 7.37373 pho;
118 2 19 3 5 6.33354 pho;
119 2 20 5 5 5.3817 pho;
120 2 21 1 0 4.95077 pho;
121 2 21 1 5 12.7419 pho;
122 2 22 2 7 4.45685 pho;
123 2 23 3 3 6.95865 pho;
124 2 23 3 1 9.65222 pho;
125 2 24 4 4 6.56856 pho;
126 2 25 5 9 6.16057 pho;
127 2 1 2 2 4.03792 myo;
128 2 1 2 2 17.3814 myo;
129 2 1 2 2 48.6533 myo;
130 2 1 2 2 60.3377 myo;
131 2 1 2 2 77.2442 myo;
132 2 1 2 2 100.382 myo;
133 2 2 3 2 14.435 myo;
134 2 2 3 2 28.2725 myo;
135 2 2 3 3 45.9617 myo;
136 2 2 3 2 56.475 myo;
137 2 3 1 2 7.00566 myo;
138 2 3 1 2 17.2924 myo;
139 2 3 1 2 35.5416 myo;
140 2 3 1 2 44.0769 myo;
141 2 4 4 2 13.3496 myo;
142 2 4 4 3 23.2032 myo;
143 2 5 5 2 8.45697 myo;
144 2 5 5 2 17.6043 myo;
145 2 5 5 4 40.5294 myo;
146 2 5 5 2 48.5042 myo;
147 2 5 5 4 70.1783 myo;
148 2 5 5 3 83.7065 myo;
149 2 6 3 2 0.26 myo;
150 2 6 3 5 16.332 myo;
151 2 6 3 2 23.2432 myo;
152 2 7 2 5 16.193 myo;
153 2 8 4 2 9.28714 myo;
154 2 8 4 2 19.5052 myo;
155 2 8 4 2 28.4917 myo;
156 2 9 5 3 7.57278 myo;
157 2 10 1 2 0.629005 myo;
158 2 11 3 2 6.68459 myo;
159 2 11 3 2 15.6373 myo;
160 2 11 3 2 42.0069 myo;
161 2 12 2 2 5.05175 myo;
162 2 12 2 2 15.5454 myo;
163 2 12 2 2 30.9281 myo;
164 2 12 2 2 37.6376 myo;
165 2 13 4 2 4.05992 myo;
166 2 13 4 2 12.9618 myo;
167 2 14 1 2 0.558003 myo;
168 2 14 1 2 5.31371 myo;
169 2 14 1 2 14.491 myo;
170 2 15 5 2 6.88763 myo;
171 2 15 5 2 14.5309 myo;
172 2 15 5 3 24.2346 myo;
173 2 16 4 2 9.98829 myo;
174 2 16 4 2 24.9172 myo;
175 2 17 3 4 22.9383 myo;
176 2 17 3 2 27.9121 myo;
177 2 18 1 2 13.4435 myo;
178 2 18 1 3 31.5467 myo;
179 2 18 1 3 57.9304 myo;
180 2 18 1 3 75.8909 myo;
181 2 19 2 4 22.8764 myo;
182 2 20 5 2 5.3637 myo;
183 2 20 5 3 22.3806 myo;
184 2 21 4 3 12.2918 myo;
185 2 22 3 3 8.69102 myo;
186 2 22 3 3 37.0791 myo;
187 2 22 3 2 44.8857 myo;
188 2 23 2 4 15.7823 myo;
189 2 23 2 2 23.54 myo;
190 2 24 1 2 4.55884 myo;
191 2 24 1 2 11.9727 myo;
192 2 25 5 2 5.56567 myo;
193 2 25 5 4 24.0577 myo;
194 2 25 5 4 45.3401 myo;
195 2 25 5 2 53.8294 myo;
196 2 25 5 2 60.8863 myo;
197 2 25 5 4 79.001 myo;
198 3 1 2 4 13.5145 myo;
199 3 1 2 2 23.9288 myo;
200 3 1 2 2 30.3535 myo;
201 3 1 2 2 38.065 myo;
202 3 2 4 2 5.19273 myo;
203 3 2 4 2 11.1075 myo;
204 3 2 4 3 38.7547 myo;
205 3 3 3 2 5.07575 myo;
206 3 3 3 2 15.6213 myo;
207 3 3 3 4 44.1389 myo;
208 3 4 1 3 13.6484 myo;
209 3 4 1 3 27.0923 myo;
210 3 4 1 2 34.936 myo;
211 3 4 1 2 45.6915 myo;
212 3 4 1 2 54.7723 myo;
213 3 5 5 3 11.7487 myo;
214 3 5 5 2 18.8376 myo;
215 3 5 5 2 31.6067 myo;
216 3 5 5 2 45.6654 myo;
217 3 6 4 2 4.52084 myo;
218 3 6 4 3 30.4976 myo;
219 3 6 4 2 44.2931 myo;
220 3 7 2 2 5.10474 myo;
221 3 7 2 3 24.8583 myo;
222 3 8 3 3 10.9115 myo;
223 3 9 1 2 5.27372 myo;
224 3 9 1 2 19.968 myo;
225 3 9 1 2 35.4204 myo;
226 3 9 1 2 54.9825 myo;
227 3 10 5 4 18.074 myo;
228 3 10 5 2 26.751 myo;
229 3 11 4 2 4.05392 myo;
230 3 11 4 3 18.013 myo;
231 3 12 2 3 14.0702 myo;
232 3 12 2 2 25.5389 myo;
233 3 13 5 5 20.8924 myo;
234 3 14 3 4 17.8491 myo;
235 3 15 1 4 13.2047 myo;
236 3 16 4 4 14.7918 myo;
237 3 18 3 4 0.081 myo;
238 3 18 3 4 21.3962 myo;
239 3 19 5 4 12.0917 myo;
240 3 20 1 4 13.1437 myo;
241 3 21 2 4 11.7907 myo;
242 3 22 3 4 14.1372 myo;
243 3 23 1 3 9.17712 myo;
244 3 23 1 2 19.1864 myo;
245 3 24 4 2 6.23455 myo;
246 3 24 4 3 16.203 myo;
247 3 25 5 4 10.0243 myo;
248 3 1 2 9 12.9718 pho;
249 3 2 3 7 8.50298 pho;
250 3 3 4 7 5.9676 pho;
251 3 4 5 7 4.89978 pho;
252 3 5 1 10 12.5928 pho;
253 3 6 2 12 11.2146 pho;
254 3 7 3 7 4.83779 pho;
255 3 8 4 9 5.57566 pho;
256 3 9 5 6 10.2203 pho;
257 3 10 1 12 6.27355 pho;
258 3 11 2 6 4.26389 pho;
259 3 12 3 6 3.76497 pho;
260 3 13 4 8 5.31771 pho;
261 3 14 5 6 4.66482 pho;
262 3 15 1 6 6.95565 pho;
263 3 16 3 7 6.64058 pho;
264 3 17 2 10 15.6253 pho;
265 3 18 4 5 2.97006 pho;
266 3 19 1 5 3.563 pho;
267 3 20 5 4 5.28971 pho;
268 3 21 3 5 2.79605 pho;
269 3 22 4 8 10.4994 pho;
270 3 23 1 6 3.96094 pho;
271 3 24 5 5 2.47505 pho;
272 3 25 2 11 4.11891 pho;
273 4 1 2 3 5.81262 myo;
274 4 1 2 6 47.5943 myo;
275 4 1 2 2 71.7078 myo;
276 4 1 2 3 88.5172 myo;
277 4 1 2 1 91.5061 myo;
278 4 1 2 1 106.073 myo;
279 4 1 2 2 119.582 myo;
280 4 1 2 2 133.456 myo;
281 4 1 2 2 155.944 myo;
282 4 1 2 2 168.086 myo;
283 4 1 2 2 184.843 myo;
284 4 1 2 2 198.568 myo;
285 4 1 2 2 244.114 myo;
286 4 1 2 2 338.246 myo;
287 4 2 4 2 9.58721 myo;
288 4 2 4 2 24.1696 myo;
289 4 2 4 2 39.7947 myo;
290 4 2 4 1 51.1638 myo;
291 4 3 5 4 16.5608 myo;
292 4 3 5 2 26.5318 myo;
293 4 3 5 2 51.0207 myo;
294 4 3 5 3 65.1224 myo;
295 4 3 5 2 89.7234 myo;
296 4 3 5 1 96.2318 myo;
297 4 3 5 2 107.098 myo;
298 4 4 1 4 16.4459 myo;
299 4 4 1 3 42.3292 myo;
300 4 4 1 2 49.6023 myo;
301 4 4 1 2 67.3296 myo;
302 4 4 1 3 96.6021 myo;
303 4 4 1 2 117.258 myo;
304 4 4 1 3 138.554 myo;
305 4 4 1 1 155.91 myo;
306 4 4 1 2 177.543 myo;
307 4 4 1 4 215.072 myo;
308 4 5 3 3 25.0112 myo;
309 4 5 3 2 36.3263 myo;
310 4 5 3 2 62.632 myo;
311 4 5 3 2 82.8077 myo;
312 4 6 5 3 7.90485 myo;
313 4 6 5 2 15.9492 myo;
314 4 6 5 2 32.911 myo;
315 4 7 2 3 12.5898 myo;
316 4 7 2 2 33.2693 myo;
317 4 7 2 2 41.0069 myo;
318 4 8 3 3 18.4218 myo;
319 4 8 3 2 32.7448 myo;
320 4 9 4 3 9.44418 myo;
321 4 9 4 2 18.6557 myo;
322 4 9 4 3 34.8309 myo;
323 4 9 4 3 57.3438 myo;
324 4 10 1 3 20.9184 myo;
325 4 10 1 2 45.225 myo;
326 4 10 1 2 55.8323 myo;
327 4 11 3 2 4.92577 myo;
328 4 11 3 2 37.9509 myo;
329 4 12 2 3 12.4998 myo;
330 4 12 2 2 20.3637 myo;
331 4 13 4 4 22.3047 myo;
332 4 14 1 3 7.75682 myo;
333 4 14 1 2 22.3706 myo;
334 4 14 1 2 39.1891 myo;
335 4 15 5 3 9.20713 myo;
336 4 15 5 2 29.2124 myo;
337 4 15 5 2 61.578 myo;
338 4 16 4 3 16.2 myo;
339 4 17 2 2 0.614005 myo;
340 4 17 2 4 11.4256 myo;
341 4 18 3 2 0.254 myo;
342 4 18 3 4 21.712 myo;
343 4 19 5 4 17.8071 myo;
344 4 19 5 2 36.1962 myo;
345 4 20 1 3 15.8142 myo;
346 4 20 1 2 28.0843 myo;
347 4 20 1 3 44.5083 myo;
348 4 20 1 5 69.9771 myo;
349 4 20 1 2 83.5934 myo;
350 4 20 1 2 96.9905 myo;
351 4 20 1 2 112.444 myo;
352 4 21 3 3 10.6514 myo;
353 4 21 3 2 22.3956 myo;
354 4 22 2 4 22.1048 myo;
355 4 23 1 1 2.46305 myo;
356 4 23 1 3 14.8248 myo;
357 4 23 1 2 22.6365 myo;
358 4 23 1 2 44.191 myo;
359 4 23 1 2 62.5379 myo;
360 4 24 4 3 11.1345 myo;
361 4 24 4 2 41.2241 myo;
362 4 25 5 2 4.14491 myo;
363 4 25 5 2 21.8639 myo;
364 4 25 5 3 35.7247 myo;
365 4 25 5 2 59.3107 myo;
366 4 1 3 4 10.9635 pho;
367 4 2 2 6 9.37116 pho;
368 4 3 4 5 8.18991 pho;
369 4 4 5 6 11.1535 pho;
370 4 5 1 4 12.3938 pho;
371 4 6 4 6 9.22213 pho;
372 4 7 3 6 12.2498 pho;
373 4 8 2 8 14.0882 pho;
374 4 9 5 1 8.04488 pho;
375 4 9 5 2 23.3391 pho;
376 4 10 1 6 9.27514 pho;
377 4 11 3 5 10.4684 pho;
378 4 12 4 6 12.5008 pho;
379 4 13 2 6 5.93161 pho;
380 4 14 5 4 5.9456 pho;
381 4 15 1 6 7.04266 pho;
382 4 16 2 6 3.23706 pho;
383 4 17 3 5 4.81079 pho;
384 4 18 4 5 5.90561 pho;
385 4 19 5 6 4.58083 pho;
386 4 20 1 5 8.54999 pho;
387 4 21 4 6 6.68459 pho;
388 4 22 2 5 5.16673 pho;
389 4 23 1 3 5.15174 pho;
390 4 24 5 5 6.10958 pho;
391 4 24 5 0 24.1756 pho;
392 4 24 5 2 33.1632 pho;
393 4 25 3 6 6.01659 pho;
394 5 1 2 6 11.4926 pho;
395 5 2 1 10 10.7515 pho;
396 5 3 4 9 7.83383 pho;
397 5 4 5 2 7.33373 pho;
398 5 5 3 7 22.2007 pho;
399 5 6 2 14 8.57299 pho;
400 5 7 1 7 6.00659 pho;
401 5 8 5 7 8.73102 pho;
402 5 9 3 7 6.7516 pho;
403 5 10 4 5 4.51084 pho;
404 5 11 2 6 5.29271 pho;
405 5 12 5 5 4.44585 pho;
406 5 13 3 5 4.54284 pho;
407 5 14 4 6 5.20473 pho;
408 5 15 1 6 5.26972 pho;
409 5 16 5 7 6.7676 pho;
410 5 17 3 5 3.99593 pho;
411 5 18 2 5 4.82879 pho;
412 5 19 4 4 4.32188 pho;
413 5 20 1 5 4.34087 pho;
414 5 1 2 2 1.88503 myo;
415 5 1 2 4 36.4184 myo;
416 5 2 5 5 27.2334 myo;
417 5 3 3 4 14.6149 myo;
418 5 4 4 3 9.43117 myo;
419 5 5 1 3 0.332 myo;
420 5 5 1 2 8.91406 myo;
421 5 5 1 3 30.4286 myo;
422 5 6 5 4 11.3266 myo;
423 5 6 5 3 21.8859 myo;
424 5 7 3 3 16.306 myo;
425 5 8 1 6 27.7269 myo;
426 5 9 2 4 0.056 myo;
427 5 9 2 3 9.69723 myo;
428 5 9 2 2 33.1072 myo;
429 5 10 4 2 5.62766 myo;
430 5 10 4 3 20.2228 myo;
431 5 11 3 6 23.3741 myo;
432 5 11 3 3 45.3591 myo;
433 5 12 1 4 14.377 myo;
434 5 13 2 2 9.49719 myo;
435 5 13 2 2 17.973 myo;
436 5 14 4 5 14.0472 myo;
437 5 15 5 4 15.1086 myo;
438 5 16 1 2 3.49701 myo;
439 5 16 1 4 22.3806 myo;
440 5 17 2 2 13.8613 myo;
441 5 17 2 3 29.0913 myo;
442 5 18 4 3 9.85226 myo;
443 5 18 4 4 25.5079 myo;
444 5 19 3 7 32.1312 myo;
445 5 20 5 3 27.2805 myo;
446 5 20 5 2 37.6846 myo;
447 6 1 4 4 28.6048 myo;
448 6 1 4 2 42.7396 myo;
449 6 2 3 3 19.0455 myo;
450 6 2 3 2 28.6128 myo;
451 6 3 1 3 13.7674 myo;
452 6 3 1 2 22.7484 myo;
453 6 3 1 2 34.4225 myo;
454 6 3 1 2 44.164 myo;
455 6 3 1 2 63.1004 myo;
456 6 3 1 2 73.2143 myo;
457 6 3 1 2 88.6554 myo;
458 6 3 1 2 95.2538 myo;
459 6 4 2 3 7.51476 myo;
460 6 4 2 2 16.0801 myo;
461 6 4 2 3 24.7233 myo;
462 6 4 2 2 33.5987 myo;
463 6 4 2 2 42.9288 myo;
464 6 5 5 2 9.88127 myo;
465 6 6 1 4 15.3675 myo;
466 6 6 1 2 24.5844 myo;
467 6 6 1 2 34.8579 myo;
468 6 7 4 2 10.3284 myo;
469 6 7 4 2 17.6572 myo;
470 6 7 4 2 24.4865 myo;
471 6 7 4 2 37.2953 myo;
472 6 8 5 4 17.3674 myo;
473 6 9 2 1 0.730007 myo;
474 6 9 2 4 28.2204 myo;
475 6 10 3 4 17.6212 myo;
476 6 10 3 2 25.0562 myo;
477 6 11 4 3 9.83426 myo;
478 6 11 4 2 20.8555 myo;
479 6 12 5 3 15.5684 myo;
480 6 12 5 2 24.6324 myo;
481 6 13 2 3 12.6009 myo;
482 6 14 3 2 0.0999999 myo;
483 6 14 3 2 4.01993 myo;
484 6 15 1 2 6.03159 myo;
485 6 15 1 2 15.8962 myo;
486 6 15 1 2 22.8943 myo;
487 6 15 1 2 35.955 myo;
488 6 16 2 3 12.2858 myo;
489 6 16 2 2 21.1373 myo;
490 6 17 4 3 19.5942 myo;
491 6 17 4 2 27.8861 myo;
492 6 18 3 3 9.41317 myo;
493 6 19 5 2 0.055 myo;
494 6 19 5 2 9.71123 myo;
495 6 19 5 2 24.0047 myo;
496 6 19 5 2 30.7429 myo;
497 6 20 1 4 20.5686 myo;
498 6 2 2 7 13.6794 pho;
499 6 3 3 4 6.83862 pho;
500 6 4 5 5 10.6734 pho;
501 6 5 1 7 9.22213 pho;
502 6 8 5 9 10.8205 pho;
503 6 9 2 4 7.2027 pho;
504 6 10 1 8 8.70702 pho;
505 6 11 3 6 6.48755 pho;
506 6 12 5 5 7.57278 pho;
507 6 13 4 6 9.37616 pho;
508 6 14 1 8 26.781 pho;
509 6 15 2 6 7.85584 pho;
510 6 16 4 7 6.90063 pho;
511 6 17 3 6 6.38553 pho;
512 6 18 2 6 8.614 pho;
513 6 19 1 4 11.1485 pho;
514 6 20 5 8 13.2217 pho;
515 7 1 3 11 23.9568 pho;
516 7 2 1 1 35.5235 pho;
517 7 2 1 2 70.0853 pho;
518 7 3 2 3 16.3959 pho;
519 7 4 4 2 8.43196 pho;
520 7 5 5 3 12.4338 pho;
521 7 6 3 3 13.6934 pho;
522 7 7 2 2 9.34516 pho;
523 7 8 1 3 7.56077 pho;
524 7 9 5 3 6.56856 pho;
525 7 10 4 3 8.03988 pho;
526 7 11 3 3 9.20112 pho;
527 7 12 1 3 9.16712 pho;
528 7 13 2 3 6.26955 pho;
529 7 14 5 2 5.23472 pho;
530 7 15 4 3 4.44685 pho;
531 7 16 2 3 4.69681 pho;
532 7 17 3 2 5.87062 pho;
533 7 18 5 3 8.42596 pho;
534 7 19 4 3 5.13474 pho;
535 7 20 1 3 5.81063 pho;
536 7 1 4 2 14.3331 myo;
537 7 1 4 2 20.5996 myo;
538 7 1 4 1 26.2655 myo;
539 7 1 4 2 33.6687 myo;
540 7 1 4 2 55.2208 myo;
541 7 2 2 1 0.884011 myo;
542 7 2 2 2 16.204 myo;
543 7 2 2 2 29.4376 myo;
544 7 2 2 2 35.5546 myo;
545 7 3 3 2 0.936012 myo;
546 7 3 3 2 12.1938 myo;
547 7 3 3 2 23.579 myo;
548 7 3 3 2 33.0751 myo;
549 7 4 5 2 0.497002 myo;
550 7 4 5 2 11.4416 myo;
551 7 4 5 2 23.8428 myo;
552 7 4 5 2 28.0002 myo;
553 7 5 1 2 0.634005 myo;
554 7 5 1 2 8.51298 myo;
555 7 5 1 2 16.0821 myo;
556 7 5 1 2 28.1223 myo;
557 7 6 4 3 13.0627 myo;
558 7 6 4 2 29.0602 myo;
559 7 6 4 2 39.056 myo;
560 7 6 4 2 52.1528 myo;
561 7 7 3 3 9.76324 myo;
562 7 7 3 2 17.5543 myo;
563 7 9 2 4 0.192 myo;
564 7 9 2 1 2.59405 myo;
565 7 9 2 4 27.2665 myo;
566 7 10 5 2 5.70664 myo;
567 7 10 5 3 26.2775 myo;
568 7 11 4 3 23.9108 myo;
569 7 11 4 2 31.1673 myo;
570 7 12 1 2 1.43402 myo;
571 7 12 1 2 16.8946 myo;
572 7 13 3 3 14.5709 myo;
573 7 14 2 3 11.1175 myo;
574 7 15 5 3 12.9638 myo;
575 7 16 3 2 6.30154 myo;
576 7 16 3 2 11.3606 myo;
577 7 16 3 3 26.4707 myo;
578 7 17 4 3 14.2561 myo;
579 7 17 4 2 21.5931 myo;
580 7 18 2 3 10.5554 myo;
581 7 19 1 3 13.0568 myo;
582 7 20 5 3 8.35995 myo;
