1 1 1 0 0 pho;
1 1 1 7 15.3465 pho;
1 1 2 4 10.0503 pho;
1 1 3 3 13.1147 pho;
1 1 4 5 7.2037 pho;
1 1 5 6 6.44754 pho;
1 2 1 5 8.86505 pho;
1 2 2 5 6.67258 pho;
1 2 3 4 6.47954 pho;
1 2 4 8 11.2586 pho;
1 2 5 4 8.18391 pho;
1 3 1 3 8.03888 pho;
1 3 2 4 6.07058 pho;
1 3 3 4 11.8057 pho;
1 3 4 5 7.26971 pho;
1 3 5 5 7.76782 pho;
1 4 1 5 5.02476 pho;
1 4 2 5 7.58778 pho;
1 4 3 7 6.41053 pho;
1 4 4 10 12.6029 pho;
1 5 1 7 5.88761 pho;
1 5 2 6 4.46185 pho;
1 5 3 5 5.04875 pho;
1 5 4 5 4.70781 pho;
1 5 5 8 5.05475 pho;
1 1 1 7 33.5987 myo;
1 1 2 3 16.4349 myo;
1 1 2 5 30.908 myo;
1 1 3 9 34.1822 myo;
1 1 4 5 14.358 myo;
1 1 5 4 13.8243 myo;
1 2 1 8 22.6645 myo;
1 2 2 11 46.8886 myo;
1 2 3 6 23.1102 myo;
1 2 4 6 18.4508 myo;
1 2 5 4 13.8663 myo;
1 3 1 7 26.2165 myo;
1 3 5 5 18.3129 myo;
1 4 1 9 35.8869 myo;
1 4 2 3 8.81404 myo;
1 4 2 2 20.4277 myo;
1 4 3 6 20.1339 myo;
1 4 4 4 12.1398 myo;
1 5 3 4 10.4894 myo;
1 5 4 4 9.51119 myo;
