1 1 1 1 4 4.57983 pho;
2 1 2 4 5 6.83662 pho;
3 1 3 3 2 3.97793 pho;
4 1 4 2 0 12.8968 pho;
5 1 5 5 5 5.19873 pho;
6 1 6 4 6 4.85579 pho;
7 1 7 1 5 4.41986 pho;
8 1 8 3 1 1.41702 pho;
9 1 8 3 4 5.75563 pho;
10 1 9 2 4 5.01476 pho;
11 1 10 5 5 4.91278 pho;
12 1 11 3 5 4.13691 pho;
13 1 12 4 5 4.67182 pho;
14 1 13 2 4 5.68465 pho;
15 1 14 1 6 4.58483 pho;
16 1 15 5 7 4.65482 pho;
17 1 16 3 6 3.72897 pho;
18 1 17 4 6 3.45602 pho;
19 1 18 2 7 11.3266 pho;
20 1 19 5 2 3.71598 pho;
21 1 20 1 6 8.18091 pho;
22 1 21 4 3 3.49401 pho;
23 1 21 4 3 20.0239 pho;
24 1 22 3 8 19.4253 pho;
25 1 23 1 5 4.51484 pho;
26 1 24 2 5 4.62083 pho;
27 1 25 5 7 10.5734 pho;
28 1 1 3 1 2.38604 myo;
29 1 1 3 2 14.2381 myo;
30 1 1 3 2 20.0019 myo;
31 1 1 3 2 32.6748 myo;
32 1 1 3 2 44.3291 myo;
33 1 2 4 1 2.38505 myo;
34 1 2 4 4 28.5467 myo;
35 1 2 4 1 36.3604 myo;
36 1 2 4 2 45.1209 myo;
37 1 2 4 2 68.4817 myo;
38 1 2 4 2 80.4984 myo;
39 1 2 4 2 87.5213 myo;
40 1 2 4 2 96.6662 myo;
41 1 2 4 2 108.115 myo;
42 1 2 4 2 120.399 myo;
43 1 3 1 2 6.54356 myo;
44 1 3 1 2 16.257 myo;
45 1 3 1 2 29.0192 myo;
46 1 3 1 2 52.443 myo;
47 1 3 1 2 56.9835 myo;
48 1 4 5 2 5.42669 myo;
49 1 4 5 2 15.9452 myo;
50 1 4 5 2 24.3346 myo;
51 1 5 2 2 10.4124 myo;
52 1 5 2 2 25.757 myo;
53 1 5 2 2 36.3834 myo;
54 1 5 2 2 51.5562 myo;
55 1 5 2 2 63.5929 myo;
56 1 6 1 2 7.6828 myo;
57 1 6 1 2 15.4884 myo;
58 1 6 1 2 24.4155 myo;
59 1 7 4 3 10.4394 myo;
60 1 7 4 2 24.2896 myo;
61 1 8 5 2 7.07167 myo;
62 1 8 5 2 16.0471 myo;
63 1 8 5 2 26.3386 myo;
64 1 9 3 2 10.8315 myo;
65 1 9 3 1 15.8262 myo;
66 1 10 2 4 0.12 myo;
67 1 10 2 2 4.91778 myo;
68 1 11 4 3 0.188 myo;
69 1 11 4 2 4.39386 myo;
70 1 11 4 2 20.8465 myo;
71 1 11 4 2 28.3706 myo;
72 1 12 1 3 11.6286 myo;
73 1 12 1 2 19.5542 myo;
74 1 13 3 2 6.09358 myo;
75 1 13 3 2 18.3778 myo;
76 1 13 3 2 31.5687 myo;
77 1 14 2 2 7.12568 myo;
78 1 14 2 3 20.5296 myo;
79 1 15 5 3 11.4176 myo;
80 1 15 5 3 24.9622 myo;
81 1 16 4 2 5.92861 myo;
82 1 16 4 2 14.5439 myo;
83 1 16 4 2 25.5789 myo;
84 1 17 3 3 12.5318 myo;
85 1 17 3 2 22.1528 myo;
86 1 18 1 4 14.2291 myo;
87 1 19 5 2 7.76582 myo;
88 1 19 5 4 30.2644 myo;
89 1 20 2 2 7.84984 myo;
90 1 20 2 3 24.0837 myo;
91 1 21 1 4 22.5235 myo;
92 1 22 4 4 16.1201 myo;
93 1 23 2 4 12.4628 myo;
94 1 24 5 2 7.99987 myo;
95 1 24 5 4 30.7108 myo;
96 1 25 3 5 15.5614 myo;
97 2 1 2 19 57.3328 pho;
98 2 2 3 6 26.4687 pho;
99 2 3 4 8 12.1558 pho;
100 2 4 5 5 8.33194 pho;
101 2 5 1 4 5.52067 pho;
102 2 6 4 5 6.07758 pho;
103 2 7 2 4 9.70423 pho;
104 2 8 3 6 10.3384 pho;
105 2 9 5 9 21.0693 pho;
106 2 10 1 6 15.5424 pho;
107 2 11 4 5 8.70702 pho;
108 2 12 3 0 12.9578 pho;
109 2 13 2 5 5.61766 pho;
110 2 14 1 4 7.54977 pho;
111 2 15 5 5 5.39769 pho;
112 2 16 2 4 5.52167 pho;
113 2 17 4 3 6.91064 pho;
114 2 17 4 0 14.7348 pho;
115 2 17 4 0 17.8041 pho;
116 2 17 4 6 26.2645 pho;
117 2 18 1 5 7.37373 pho;
118 2 19 3 5 6.33354 pho;
119 2 20 5 5 5.3817 pho;
120 2 21 1 0 4.95077 pho;
121 2 21 1 5 12.7419 pho;
122 2 22 2 7 4.45685 pho;
123 2 23 3 3 6.95865 pho;
124 2 23 3 1 9.65222 pho;
125 2 24 4 4 6.56856 pho;
126 2 25 5 9 6.16057 pho;
127 2 1 2 2 4.03792 myo;
128 2 1 2 2 17.3814 myo;
129 2 1 2 2 48.6533 myo;
130 2 1 2 2 60.3377 myo;
131 2 1 2 2 77.2442 myo;
132 2 1 2 2 100.382 myo;
133 2 2 3 2 14.435 myo;
134 2 2 3 2 28.2725 myo;
135 2 2 3 3 45.9617 myo;
136 2 2 3 2 56.475 myo;
137 2 3 1 2 7.00566 myo;
138 2 3 1 2 17.2924 myo;
139 2 3 1 2 35.5416 myo;
140 2 3 1 2 44.0769 myo;
141 2 4 4 2 13.3496 myo;
142 2 4 4 3 23.2032 myo;
143 2 5 5 2 8.45697 myo;
144 2 5 5 2 17.6043 myo;
145 2 5 5 4 40.5294 myo;
146 2 5 5 2 48.5042 myo;
147 2 5 5 4 70.1783 myo;
148 2 5 5 3 83.7065 myo;
149 2 6 3 2 0.26 myo;
150 2 6 3 5 16.332 myo;
151 2 6 3 2 23.2432 myo;
152 2 7 2 5 16.193 myo;
153 2 8 4 2 9.28714 myo;
154 2 8 4 2 19.5052 myo;
155 2 8 4 2 28.4917 myo;
156 2 9 5 3 7.57278 myo;
157 2 10 1 2 0.629005 myo;
158 2 11 3 2 6.68459 myo;
159 2 11 3 2 15.6373 myo;
160 2 11 3 2 42.0069 myo;
161 2 12 2 2 5.05175 myo;
162 2 12 2 2 15.5454 myo;
163 2 12 2 2 30.9281 myo;
164 2 12 2 2 37.6376 myo;
165 2 13 4 2 4.05992 myo;
166 2 13 4 2 12.9618 myo;
167 2 14 1 2 0.558003 myo;
168 2 14 1 2 5.31371 myo;
169 2 14 1 2 14.491 myo;
170 2 15 5 2 6.88763 myo;
171 2 15 5 2 14.5309 myo;
172 2 15 5 3 24.2346 myo;
173 2 16 4 2 9.98829 myo;
174 2 16 4 2 24.9172 myo;
175 2 17 3 4 22.9383 myo;
176 2 17 3 2 27.9121 myo;
177 2 18 1 2 13.4435 myo;
178 2 18 1 3 31.5467 myo;
179 2 18 1 3 57.9304 myo;
180 2 18 1 3 75.8909 myo;
181 2 19 2 4 22.8764 myo;
182 2 20 5 2 5.3637 myo;
183 2 20 5 3 22.3806 myo;
184 2 21 4 3 12.2918 myo;
185 2 22 3 3 8.69102 myo;
186 2 22 3 3 37.0791 myo;
187 2 22 3 2 44.8857 myo;
188 2 23 2 4 15.7823 myo;
189 2 23 2 2 23.54 myo;
190 2 24 1 2 4.55884 myo;
191 2 24 1 2 11.9727 myo;
192 2 25 5 2 5.56567 myo;
193 2 25 5 4 24.0577 myo;
194 2 25 5 4 45.3401 myo;
195 2 25 5 2 53.8294 myo;
196 2 25 5 2 60.8863 myo;
197 2 25 5 4 79.001 myo;
198 3 1 2 4 13.5145 myo;
199 3 1 2 2 23.9288 myo;
200 3 1 2 2 30.3535 myo;
201 3 1 2 2 38.065 myo;
202 3 2 4 2 5.19273 myo;
203 3 2 4 2 11.1075 myo;
204 3 2 4 3 38.7547 myo;
205 3 3 3 2 5.07575 myo;
206 3 3 3 2 15.6213 myo;
207 3 3 3 4 44.1389 myo;
208 3 4 1 3 13.6484 myo;
209 3 4 1 3 27.0923 myo;
210 3 4 1 2 34.936 myo;
211 3 4 1 2 45.6915 myo;
212 3 4 1 2 54.7723 myo;
213 3 5 5 3 11.7487 myo;
214 3 5 5 2 18.8376 myo;
215 3 5 5 2 31.6067 myo;
216 3 5 5 2 45.6654 myo;
217 3 6 4 2 4.52084 myo;
218 3 6 4 3 30.4976 myo;
219 3 6 4 2 44.2931 myo;
220 3 7 2 2 5.10474 myo;
221 3 7 2 3 24.8583 myo;
222 3 8 3 3 10.9115 myo;
223 3 9 1 2 5.27372 myo;
224 3 9 1 2 19.968 myo;
225 3 9 1 2 35.4204 myo;
226 3 9 1 2 54.9825 myo;
227 3 10 5 4 18.074 myo;
228 3 10 5 2 26.751 myo;
229 3 11 4 2 4.05392 myo;
230 3 11 4 3 18.013 myo;
231 3 12 2 3 14.0702 myo;
232 3 12 2 2 25.5389 myo;
233 3 13 5 5 20.8924 myo;
234 3 14 3 4 17.8491 myo;
235 3 15 1 4 13.2047 myo;
236 3 16 4 4 14.7918 myo;
237 3 17 3 4 0.081 myo;
238 3 17 3 4 21.3962 myo;
239 3 18 5 4 12.0917 myo;
240 3 19 1 4 13.1437 myo;
241 3 20 2 4 11.7907 myo;
242 3 21 3 4 14.1372 myo;
243 3 22 1 3 9.17712 myo;
244 3 22 1 2 19.1864 myo;
245 3 23 4 2 6.23455 myo;
246 3 23 4 3 16.203 myo;
247 3 24 5 4 10.0243 myo;
248 3 1 2 9 12.9718 pho;
249 3 2 3 7 8.50298 pho;
250 3 3 4 7 5.9676 pho;
251 3 4 5 7 4.89978 pho;
252 3 5 1 10 12.5928 pho;
253 3 6 2 12 11.2146 pho;
254 3 7 3 7 4.83779 pho;
255 3 8 4 9 5.57566 pho;
256 3 9 5 6 10.2203 pho;
257 3 10 1 12 6.27355 pho;
258 3 11 2 6 4.26389 pho;
259 3 12 3 6 3.76497 pho;
260 3 13 4 8 5.31771 pho;
261 3 14 5 6 4.66482 pho;
262 3 15 1 6 6.95565 pho;
263 3 16 3 7 6.64058 pho;
264 3 17 2 10 15.6253 pho;
265 3 18 4 5 2.97006 pho;
266 3 19 1 5 3.563 pho;
267 3 20 5 4 5.28971 pho;
268 3 21 3 5 2.79605 pho;
269 3 22 4 8 10.4994 pho;
270 3 23 1 6 3.96094 pho;
271 3 24 5 5 2.47505 pho;
272 3 25 2 11 4.11891 pho;
273 4 1 2 3 5.81262 myo;
274 4 1 2 6 47.5943 myo;
275 4 1 2 2 71.7078 myo;
276 4 1 2 3 88.5172 myo;
277 4 1 2 1 91.5061 myo;
278 4 1 2 1 106.073 myo;
279 4 1 2 2 119.582 myo;
280 4 1 2 2 133.456 myo;
281 4 1 2 2 155.944 myo;
282 4 1 2 2 168.086 myo;
283 4 1 2 2 184.843 myo;
284 4 1 2 2 198.568 myo;
285 4 1 2 2 244.114 myo;
286 4 1 2 2 338.246 myo;
287 4 2 4 2 9.58721 myo;
288 4 2 4 2 24.1696 myo;
289 4 2 4 2 39.7947 myo;
290 4 2 4 1 51.1638 myo;
291 4 3 5 4 16.5608 myo;
292 4 3 5 2 26.5318 myo;
293 4 3 5 2 51.0207 myo;
294 4 3 5 3 65.1224 myo;
295 4 3 5 2 89.7234 myo;
296 4 3 5 1 96.2318 myo;
297 4 3 5 2 107.098 myo;
298 4 4 1 4 16.4459 myo;
299 4 4 1 3 42.3292 myo;
300 4 4 1 2 49.6023 myo;
301 4 4 1 2 67.3296 myo;
302 4 4 1 3 96.6021 myo;
303 4 4 1 2 117.258 myo;
304 4 4 1 3 138.554 myo;
305 4 4 1 1 155.91 myo;
306 4 4 1 2 177.543 myo;
307 4 4 1 4 215.072 myo;
308 4 5 3 3 25.0112 myo;
309 4 5 3 2 36.3263 myo;
310 4 5 3 2 62.632 myo;
311 4 5 3 2 82.8077 myo;
312 4 6 5 3 7.90485 myo;
313 4 6 5 2 15.9492 myo;
314 4 6 5 2 32.911 myo;
315 4 7 2 3 12.5898 myo;
316 4 7 2 2 33.2693 myo;
317 4 7 2 2 41.0069 myo;
318 4 8 3 3 18.4218 myo;
319 4 8 3 2 32.7448 myo;
320 4 9 4 3 9.44418 myo;
321 4 9 4 2 18.6557 myo;
322 4 9 4 3 34.8309 myo;
323 4 9 4 3 57.3438 myo;
324 4 10 1 3 20.9184 myo;
325 4 10 1 2 45.225 myo;
326 4 10 1 2 55.8323 myo;
327 4 11 3 2 4.92577 myo;
328 4 11 3 2 37.9509 myo;
329 4 12 2 3 12.4998 myo;
330 4 12 2 2 20.3637 myo;
331 4 13 4 4 22.3047 myo;
332 4 14 1 3 7.75682 myo;
333 4 14 1 2 22.3706 myo;
334 4 14 1 2 39.1891 myo;
335 4 15 5 3 9.20713 myo;
336 4 15 5 2 29.2124 myo;
337 4 15 5 2 61.578 myo;
338 4 16 4 3 16.2 myo;
339 4 17 2 2 0.614005 myo;
340 4 17 2 4 11.4256 myo;
341 4 18 3 2 0.254 myo;
342 4 18 3 4 21.712 myo;
343 4 19 5 4 17.8071 myo;
344 4 19 5 2 36.1962 myo;
345 4 20 1 3 15.8142 myo;
346 4 20 1 2 28.0843 myo;
347 4 20 1 3 44.5083 myo;
348 4 20 1 5 69.9771 myo;
349 4 20 1 2 83.5934 myo;
350 4 20 1 2 96.9905 myo;
351 4 20 1 2 112.444 myo;
352 4 21 3 3 10.6514 myo;
353 4 21 3 2 22.3956 myo;
354 4 22 2 4 22.1048 myo;
355 4 23 1 1 2.46305 myo;
356 4 23 1 3 14.8248 myo;
357 4 23 1 2 22.6365 myo;
358 4 23 1 2 44.191 myo;
359 4 23 1 2 62.5379 myo;
360 4 24 4 3 11.1345 myo;
361 4 24 4 2 41.2241 myo;
362 4 25 5 2 4.14491 myo;
363 4 25 5 2 21.8639 myo;
364 4 25 5 3 35.7247 myo;
365 4 25 5 2 59.3107 myo;
366 4 1 3 4 10.9635 pho;
367 4 2 2 6 9.37116 pho;
368 4 3 4 5 8.18991 pho;
369 4 4 5 6 11.1535 pho;
370 4 5 1 4 12.3938 pho;
371 4 6 4 6 9.22213 pho;
372 4 7 3 6 12.2498 pho;
373 4 8 2 8 14.0882 pho;
374 4 9 5 1 8.04488 pho;
375 4 9 5 2 23.3391 pho;
376 4 10 1 6 9.27514 pho;
377 4 11 3 5 10.4684 pho;
378 4 12 4 6 12.5008 pho;
379 4 13 2 6 5.93161 pho;
380 4 14 5 4 5.9456 pho;
381 4 15 1 6 7.04266 pho;
382 4 16 2 6 3.23706 pho;
383 4 17 3 5 4.81079 pho;
384 4 18 4 5 5.90561 pho;
385 4 19 5 6 4.58083 pho;
386 4 20 1 5 8.54999 pho;
387 4 21 4 6 6.68459 pho;
388 4 22 2 5 5.16673 pho;
389 4 23 1 3 5.15174 pho;
390 4 24 5 5 6.10958 pho;
391 4 24 5 0 24.1756 pho;
392 4 24 5 2 33.1632 pho;
393 4 25 3 6 6.01659 pho;
394 5 1 2 6 11.4926 pho;
395 5 2 1 10 10.7515 pho;
396 5 3 4 9 7.83383 pho;
397 5 4 5 2 7.33373 pho;
398 5 5 3 7 22.2007 pho;
399 5 6 2 14 8.57299 pho;
400 5 7 1 7 6.00659 pho;
401 5 8 5 7 8.73102 pho;
402 5 9 3 7 6.7516 pho;
403 5 10 4 5 4.51084 pho;
404 5 11 2 6 5.29271 pho;
405 5 12 5 5 4.44585 pho;
406 5 13 3 5 4.54284 pho;
407 5 14 4 6 5.20473 pho;
408 5 15 1 6 5.26972 pho;
409 5 16 5 7 6.7676 pho;
410 5 17 3 5 3.99593 pho;
411 5 18 2 5 4.82879 pho;
412 5 19 4 4 4.32188 pho;
413 5 20 1 5 4.34087 pho;
414 5 1 2 2 1.88503 myo;
415 5 1 2 4 36.4184 myo;
416 5 2 5 5 27.2334 myo;
417 5 3 3 4 14.6149 myo;
418 5 4 4 3 9.43117 myo;
419 5 5 1 3 0.332 myo;
420 5 5 1 2 8.91406 myo;
421 5 5 1 3 30.4286 myo;
422 5 6 5 4 11.3266 myo;
423 5 6 5 3 21.8859 myo;
424 5 7 3 3 16.306 myo;
425 5 8 1 6 27.7269 myo;
426 5 9 2 4 0.056 myo;
427 5 9 2 3 9.69723 myo;
428 5 9 2 2 33.1072 myo;
429 5 10 4 2 5.62766 myo;
430 5 10 4 3 20.2228 myo;
431 5 11 3 6 23.3741 myo;
432 5 11 3 3 45.3591 myo;
433 5 12 1 4 14.377 myo;
434 5 13 2 2 9.49719 myo;
435 5 13 2 2 17.973 myo;
436 5 14 4 5 14.0472 myo;
437 5 15 5 4 15.1086 myo;
438 5 16 1 2 3.49701 myo;
439 5 16 1 4 22.3806 myo;
440 5 17 2 2 13.8613 myo;
441 5 17 2 3 29.0913 myo;
442 5 18 4 3 9.85226 myo;
443 5 18 4 4 25.5079 myo;
444 5 19 3 7 32.1312 myo;
445 5 20 5 3 27.2805 myo;
446 5 20 5 2 37.6846 myo;
447 6 1 4 4 28.6048 myo;
448 6 1 4 2 42.7396 myo;
449 6 2 3 3 19.0455 myo;
450 6 2 3 2 28.6128 myo;
451 6 3 1 3 13.7674 myo;
452 6 3 1 2 22.7484 myo;
453 6 3 1 2 34.4225 myo;
454 6 3 1 2 44.164 myo;
455 6 3 1 2 63.1004 myo;
456 6 3 1 2 73.2143 myo;
457 6 3 1 2 88.6554 myo;
458 6 3 1 2 95.2538 myo;
459 6 4 2 3 7.51476 myo;
460 6 4 2 2 16.0801 myo;
461 6 4 2 3 24.7233 myo;
462 6 4 2 2 33.5987 myo;
463 6 4 2 2 42.9288 myo;
464 6 5 5 2 9.88127 myo;
465 6 6 1 4 15.3675 myo;
466 6 6 1 2 24.5844 myo;
467 6 6 1 2 34.8579 myo;
468 6 7 4 2 10.3284 myo;
469 6 7 4 2 17.6572 myo;
470 6 7 4 2 24.4865 myo;
471 6 7 4 2 37.2953 myo;
472 6 8 5 4 17.3674 myo;
473 6 9 2 1 0.730007 myo;
474 6 9 2 4 28.2204 myo;
475 6 10 3 4 17.6212 myo;
476 6 10 3 2 25.0562 myo;
477 6 11 4 3 9.83426 myo;
478 6 11 4 2 20.8555 myo;
479 6 12 5 3 15.5684 myo;
480 6 12 5 2 24.6324 myo;
481 6 13 2 3 12.6009 myo;
482 6 14 3 2 0.0999999 myo;
483 6 14 3 2 4.01993 myo;
484 6 15 1 2 6.03159 myo;
485 6 15 1 2 15.8962 myo;
486 6 15 1 2 22.8943 myo;
487 6 15 1 2 35.955 myo;
488 6 16 2 3 12.2858 myo;
489 6 16 2 2 21.1373 myo;
490 6 17 4 3 19.5942 myo;
491 6 17 4 2 27.8861 myo;
492 6 18 3 3 9.41317 myo;
493 6 19 5 2 0.055 myo;
494 6 19 5 2 9.71123 myo;
495 6 19 5 2 24.0047 myo;
496 6 19 5 2 30.7429 myo;
497 6 20 1 4 20.5686 myo;
498 6 2 2 7 13.6794 pho;
499 6 3 3 4 6.83862 pho;
500 6 4 5 5 10.6734 pho;
501 6 5 1 7 9.22213 pho;
502 6 8 5 9 10.8205 pho;
503 6 9 2 4 7.2027 pho;
504 6 10 1 8 8.70702 pho;
505 6 11 3 6 6.48755 pho;
506 6 12 5 5 7.57278 pho;
507 6 13 4 6 9.37616 pho;
508 6 14 1 8 26.781 pho;
509 6 15 2 6 7.85584 pho;
510 6 16 4 7 6.90063 pho;
511 6 17 3 6 6.38553 pho;
512 6 18 2 6 8.614 pho;
513 6 19 1 4 11.1485 pho;
514 6 20 5 8 13.2217 pho;
515 7 1 3 11 23.9568 pho;
516 7 2 1 1 35.5235 pho;
517 7 2 1 2 70.0853 pho;
518 7 3 2 3 16.3959 pho;
519 7 4 4 2 8.43196 pho;
520 7 5 5 3 12.4338 pho;
521 7 6 3 3 13.6934 pho;
522 7 7 2 2 9.34516 pho;
523 7 8 1 3 7.56077 pho;
524 7 9 5 3 6.56856 pho;
525 7 10 4 3 8.03988 pho;
526 7 11 3 3 9.20112 pho;
527 7 12 1 3 9.16712 pho;
528 7 13 2 3 6.26955 pho;
529 7 14 5 2 5.23472 pho;
530 7 15 4 3 4.44685 pho;
531 7 16 2 3 4.69681 pho;
532 7 17 3 2 5.87062 pho;
533 7 18 5 3 8.42596 pho;
534 7 19 4 3 5.13474 pho;
535 7 20 1 3 5.81063 pho;
536 7 1 4 2 14.3331 myo;
537 7 1 4 2 20.5996 myo;
538 7 1 4 1 26.2655 myo;
539 7 1 4 2 33.6687 myo;
540 7 1 4 2 55.2208 myo;
541 7 2 2 1 0.884011 myo;
542 7 2 2 2 16.204 myo;
543 7 2 2 2 29.4376 myo;
544 7 2 2 2 35.5546 myo;
545 7 3 3 2 0.936012 myo;
546 7 3 3 2 12.1938 myo;
547 7 3 3 2 23.579 myo;
548 7 3 3 2 33.0751 myo;
549 7 4 5 2 0.497002 myo;
550 7 4 5 2 11.4416 myo;
551 7 4 5 2 23.8428 myo;
552 7 4 5 2 28.0002 myo;
553 7 5 1 2 0.634005 myo;
554 7 5 1 2 8.51298 myo;
555 7 5 1 2 16.0821 myo;
556 7 5 1 2 28.1223 myo;
557 7 6 4 3 13.0627 myo;
558 7 6 4 2 29.0602 myo;
559 7 6 4 2 39.056 myo;
560 7 6 4 2 52.1528 myo;
561 7 7 3 3 9.76324 myo;
562 7 7 3 2 17.5543 myo;
561 7 8 1 0 0 myo;
563 7 9 2 4 0.192 myo;
564 7 9 2 1 2.59405 myo;
565 7 9 2 4 27.2665 myo;
566 7 10 5 2 5.70664 myo;
567 7 10 5 3 26.2775 myo;
568 7 11 4 3 23.9108 myo;
569 7 11 4 2 31.1673 myo;
570 7 12 1 2 1.43402 myo;
571 7 12 1 2 16.8946 myo;
572 7 13 3 3 14.5709 myo;
573 7 14 2 3 11.1175 myo;
574 7 15 5 3 12.9638 myo;
575 7 16 3 2 6.30154 myo;
576 7 16 3 2 11.3606 myo;
577 7 16 3 3 26.4707 myo;
578 7 17 4 3 14.2561 myo;
579 7 17 4 2 21.5931 myo;
580 7 18 2 3 10.5554 myo;
581 7 19 1 3 13.0568 myo;
582 7 20 5 3 8.35995 myo;
584 8 1 3 6 15.6473 pho;
585 8 2 1 4 6.85762 pho;
586 8 3 2 5 8.22592 pho;
587 8 4 4 4 7.61679 pho;
588 8 5 5 5 13.4016 pho;
589 8 6 3 4 9.46118 pho;
590 8 7 2 5 11.5366 pho;
591 8 8 5 2 8.86805 pho;
592 8 8 5 8 25.0612 pho;
593 8 9 4 4 14.1172 pho;
594 8 9 4 3 22.5126 pho;
595 8 10 1 7 9.21913 pho;
596 8 11 2 6 9.38616 pho;
597 8 12 5 4 9.26214 pho;
598 8 13 4 6 10.3484 pho;
599 8 14 1 5 9.52619 pho;
600 8 15 3 7 9.28614 pho;
601 8 16 4 7 8.05888 pho;
602 8 17 2 5 9.16112 pho;
603 8 18 3 5 7.6858 pho;
604 8 19 5 5 12.0337 pho;
605 8 20 1 3 9.41617 pho;
606 8 20 1 3 22.5615 pho;
607 8 1 3 2 4.71281 myo;
608 8 1 3 2 13.2876 myo;
609 8 1 3 2 22.9983 myo;
610 8 2 1 2 5.21173 myo;
611 8 2 1 2 16.276 myo;
612 8 2 1 2 32.3564 myo;
613 8 2 1 2 51.4291 myo;
614 8 2 1 2 65.6019 myo;
615 8 3 2 2 4.42186 myo;
616 8 3 2 2 10.7615 myo;
617 8 3 2 2 16.1461 myo;
618 8 3 2 2 40.5494 myo;
619 8 3 2 2 57.6551 myo;
620 8 3 2 2 73.5837 myo;
621 8 4 5 2 5.00376 myo;
622 8 4 5 2 10.5084 myo;
623 8 4 5 2 27.764 myo;
624 8 5 4 2 5.33671 myo;
625 8 5 4 1 8.06088 myo;
626 8 5 4 2 16.7417 myo;
627 8 5 4 3 31.851 myo;
628 8 6 1 5 24.0167 myo;
629 8 6 1 2 37.5315 myo;
630 8 6 1 1 46.8696 myo;
631 8 6 1 3 71.4946 myo;
632 8 6 1 2 83.5484 myo;
633 8 7 2 2 5.65965 myo;
634 8 7 2 2 17.6902 myo;
635 8 7 2 2 28.5818 myo;
636 8 8 4 2 7.42875 myo;
637 8 8 4 2 17.2954 myo;
638 8 8 4 2 30.6047 myo;
639 8 9 3 2 8.79504 myo;
640 8 9 3 3 22.1048 myo;
641 8 9 3 2 33.3885 myo;
642 8 9 3 3 47.7655 myo;
643 8 9 3 3 58.6211 myo;
644 8 9 3 2 72.3274 myo;
645 8 9 3 2 81.7066 myo;
646 8 10 5 2 8.76503 myo;
647 8 10 5 2 15.3505 myo;
648 8 10 5 2 24.5234 myo;
649 8 10 5 3 41.6946 myo;
650 8 10 5 2 51.2158 myo;
651 8 10 5 3 71.3185 myo;
652 8 10 5 3 93.6452 myo;
653 8 10 5 2 99.1706 myo;
654 8 10 5 3 113.756 myo;
655 8 10 5 1 129.519 myo;
656 8 10 5 2 136.764 myo;
657 8 10 5 2 155.872 myo;
658 8 11 4 2 8.1249 myo;
659 8 11 4 3 29.6018 myo;
660 8 11 4 2 37.0971 myo;
661 8 12 2 5 21.4331 myo;
662 8 12 2 2 31.7999 myo;
663 8 12 2 2 36.009 myo;
664 8 12 2 2 45.1479 myo;
665 8 13 5 5 25.271 myo;
666 8 14 3 4 17.6442 myo;
667 8 14 3 2 25.388 myo;
668 8 15 1 2 9.98429 myo;
669 8 15 1 3 38.1321 myo;
670 8 15 1 3 55.3759 myo;
671 8 15 1 4 74.976 myo;
672 8 15 1 4 98.7592 myo;
673 8 15 1 2 111.702 myo;
674 8 15 1 2 120.582 myo;
675 8 16 5 4 13.9013 myo;
676 8 17 2 2 5.90861 myo;
677 8 17 2 2 17.5733 myo;
678 8 17 2 3 35.95 myo;
679 8 18 3 3 14.0212 myo;
680 8 18 3 2 25.1781 myo;
681 8 19 4 2 8.35094 myo;
682 8 19 4 2 23.1062 myo;
683 8 19 4 2 30.8109 myo;
684 8 20 1 5 17.0356 myo;
685 8 20 1 4 36.8238 myo;
686 9 1 3 1 17.4663 pho;
687 9 3 1 11 22.7604 pho;
688 9 4 2 4 16.8237 pho;
689 9 4 2 2 41.3102 pho;
690 9 5 5 6 25.309 pho;
691 9 6 4 6 25.9542 pho;
692 9 7 1 5 33.6447 pho;
693 9 7 1 3 74.2313 pho;
694 9 8 3 6 24.5664 pho;
695 9 9 2 6 20.7845 pho;
696 9 10 5 5 21.9729 pho;
697 9 11 4 4 21.4361 pho;
698 9 12 1 5 17.5343 pho;
699 9 13 3 4 17.4533 pho;
700 9 14 2 0 5.06375 pho;
701 9 14 2 7 32.1713 pho;
702 9 15 5 3 15.2685 pho;
703 9 16 4 5 14.7278 pho;
704 9 17 1 4 19.7301 pho;
705 9 18 3 0 19.3683 pho;
706 9 20 5 0 19.0525 pho;
707 9 1 4 1 2.46905 myo;
708 9 1 4 2 25.8001 myo;
709 9 1 4 1 34.8529 myo;
710 9 1 4 2 43.7105 myo;
711 9 1 4 3 59.3228 myo;
712 9 1 4 1 84.1069 myo;
713 9 1 4 2 101.392 myo;
714 9 1 4 2 135.342 myo;
715 9 1 4 1 140.129 myo;
716 9 1 4 1 147.134 myo;
717 9 1 4 2 166.967 myo;
718 9 1 4 2 196.972 myo;
719 9 2 3 1 2.16904 myo;
720 9 2 3 1 10.1123 myo;
721 9 2 3 1 17.5523 myo;
722 9 2 3 1 27.9722 myo;
723 9 2 3 1 36.3393 myo;
724 9 2 3 1 43.4413 myo;
725 9 2 3 1 51.2819 myo;
726 9 2 3 2 73.2423 myo;
727 9 2 3 2 91.0267 myo;
728 9 2 3 2 104.833 myo;
729 9 2 3 2 114.938 myo;
730 9 2 3 2 129.319 myo;
731 9 2 3 2 136.016 myo;
732 9 2 3 3 149.774 myo;
733 9 2 3 2 159.85 myo;
734 9 2 3 2 176.092 myo;
735 9 2 3 2 186.403 myo;
736 9 2 3 1 189.015 myo;
737 9 2 3 2 197.254 myo;
738 9 2 3 2 215.929 myo;
739 9 2 3 1 225.943 myo;
740 9 2 3 2 236.924 myo;
741 9 2 3 2 254.142 myo;
742 9 3 1 1 2.44105 myo;
743 9 3 1 2 23.9158 myo;
744 9 3 1 2 39.5405 myo;
745 9 3 1 1 47.7505 myo;
746 9 3 1 2 65.0574 myo;
747 9 3 1 2 78.7747 myo;
748 9 3 1 2 87.5223 myo;
749 9 3 1 2 108.156 myo;
750 9 3 1 2 117.331 myo;
751 9 3 1 2 135.978 myo;
752 9 3 1 2 142.651 myo;
753 9 3 1 3 162.189 myo;
754 9 3 1 2 181.895 myo;
755 9 3 1 1 187.38 myo;
756 9 3 1 3 201.517 myo;
757 9 3 1 2 235.191 myo;
758 9 3 1 3 261.518 myo;
759 9 3 1 2 281.525 myo;
760 9 4 2 2 10.5544 myo;
761 9 4 2 2 25.0741 myo;
762 9 4 2 3 54.6872 myo;
763 9 5 5 3 12.7349 myo;
764 9 5 5 2 24.6504 myo;
765 9 5 5 4 40.5605 myo;
766 9 5 5 3 47.1819 myo;
767 9 5 5 2 54.8524 myo;
768 9 5 5 2 65.5959 myo;
769 9 5 5 2 76.6547 myo;
770 9 5 5 2 94.5982 myo;
771 9 6 4 2 10.7154 myo;
772 9 6 4 2 24.0617 myo;
773 9 6 4 2 43.6445 myo;
774 9 7 3 2 16.6698 myo;
775 9 7 3 2 23.515 myo;
776 9 7 3 2 30.852 myo;
777 9 7 3 2 41.3773 myo;
778 9 8 5 1 2.45605 myo;
779 9 8 5 1 9.41217 myo;
780 9 8 5 1 13.0278 myo;
781 9 8 5 2 22.6205 myo;
782 9 8 5 1 30.2144 myo;
783 9 8 5 2 44.225 myo;
784 9 8 5 2 50.8925 myo;
785 9 8 5 2 73.6758 myo;
786 9 9 2 2 6.25955 myo;
787 9 9 2 3 29.4746 myo;
788 9 10 1 2 10.2994 myo;
789 9 10 1 2 19.1074 myo;
790 9 10 1 2 25.294 myo;
791 9 10 1 2 36.029 myo;
792 9 11 5 2 9.25714 myo;
793 9 11 5 1 15.0906 myo;
794 9 11 5 1 20.7185 myo;
795 9 11 5 2 28.4116 myo;
796 9 11 5 2 42.9978 myo;
797 9 11 5 2 61.7381 myo;
798 9 12 4 1 2.39905 myo;
799 9 12 4 2 17.2375 myo;
800 9 12 4 2 24.1836 myo;
801 9 12 4 2 34.5406 myo;
802 9 12 4 2 54.5051 myo;
803 9 13 2 2 11.8967 myo;
804 9 13 2 2 19.3463 myo;
805 9 13 2 2 27.802 myo;
806 9 13 2 1 31.4826 myo;
807 9 13 2 2 37.8308 myo;
808 9 13 2 2 64.6399 myo;
809 9 14 1 2 12.0307 myo;
810 9 14 1 2 18.7966 myo;
811 9 14 1 2 25.8891 myo;
812 9 14 1 2 35.957 myo;
813 9 15 3 2 10.1233 myo;
814 9 15 3 2 21.3672 myo;
815 9 15 3 2 30.6768 myo;
816 9 15 3 2 46.201 myo;
817 9 16 4 2 7.57478 myo;
818 9 16 4 2 18.4848 myo;
819 9 16 4 2 26.792 myo;
820 9 16 4 2 34.0961 myo;
821 9 16 4 2 38.6556 myo;
822 9 16 4 2 51.6122 myo;
823 9 16 4 2 73.933 myo;
824 9 17 2 2 8.01687 myo;
825 9 17 2 2 17.1795 myo;
826 9 17 2 2 28.3285 myo;
827 9 17 2 1 31.4656 myo;
828 9 17 2 2 43.4653 myo;
829 9 18 3 2 12.4238 myo;
830 9 18 3 2 21.9729 myo;
831 9 18 3 2 31.872 myo;
832 9 19 1 2 6.7586 myo;
833 9 19 1 2 20.9134 myo;
834 9 19 1 2 29.883 myo;
835 9 20 5 2 10.7144 myo;
836 9 20 5 2 16.6468 myo;
837 9 20 5 2 24.7333 myo;
838 9 20 5 2 36.9239 myo;
839 9 20 5 2 50.8165 myo;
840 10 1 2 1 2.44305 myo;
841 10 1 2 2 12.1277 myo;
842 10 1 2 2 20.8445 myo;
843 10 1 2 2 40.5615 myo;
844 10 1 2 2 64.2205 myo;
845 10 1 2 2 77.1822 myo;
846 10 2 4 2 7.04166 myo;
847 10 2 4 2 17.0486 myo;
848 10 2 4 2 27.845 myo;
849 10 2 4 2 54.9905 myo;
850 10 2 4 2 79.7347 myo;
851 10 2 4 2 94.39 myo;
852 10 2 4 2 105.578 myo;
853 10 3 5 2 7.09868 myo;
854 10 3 5 2 14.2781 myo;
855 10 3 5 2 30.7609 myo;
856 10 3 5 2 43.3532 myo;
857 10 4 3 2 6.97365 myo;
858 10 4 3 2 20.6446 myo;
859 10 4 3 2 29.803 myo;
860 10 5 1 2 5.27072 myo;
861 10 5 1 2 13.5975 myo;
862 10 5 1 2 27.2435 myo;
863 10 5 1 3 45.21 myo;
864 10 5 1 1 48.8075 myo;
865 10 5 1 2 60.1466 myo;
866 10 5 1 2 71.4496 myo;
867 10 6 2 2 5.58166 myo;
868 10 6 2 2 14.8408 myo;
869 10 6 2 2 24.8473 myo;
870 10 7 4 1 0.571004 myo;
871 10 7 4 2 11.0145 myo;
872 10 7 4 2 17.4563 myo;
873 10 7 4 2 26.5548 myo;
874 10 7 4 2 38.6115 myo;
875 10 8 1 1 0.83101 myo;
876 10 8 1 3 10.6864 myo;
877 10 8 1 2 17.9661 myo;
878 10 8 1 2 25.0911 myo;
879 10 8 1 3 41.8437 myo;
880 10 8 1 2 54.9685 myo;
881 10 8 1 2 68.7379 myo;
882 10 9 5 1 1.36202 myo;
883 10 9 5 2 9.36516 myo;
884 10 9 5 1 13.6025 myo;
885 10 9 5 2 22.6665 myo;
886 10 9 5 2 34.2293 myo;
887 10 10 3 2 0.0969999 myo;
888 10 10 3 2 6.05258 myo;
889 10 10 3 2 13.4226 myo;
890 10 10 3 1 16.6658 myo;
891 10 10 3 1 22.3287 myo;
892 10 10 3 4 42.5394 myo;
893 10 10 3 2 51.9406 myo;
894 10 10 3 2 60.7361 myo;
895 10 11 4 1 0.979013 myo;
896 10 11 4 3 21.1966 myo;
897 10 11 4 2 28.6728 myo;
898 10 11 4 2 44.2941 myo;
899 10 12 2 2 8.53798 myo;
900 10 12 2 3 35.2252 myo;
901 10 12 2 2 53.1317 myo;
902 10 12 2 2 61.4118 myo;
903 10 13 3 3 12.8459 myo;
904 10 13 3 2 21.5411 myo;
905 10 14 5 2 20.7595 myo;
906 10 14 5 2 27.6078 myo;
907 10 14 5 3 47.5683 myo;
908 10 14 5 2 53.9695 myo;
909 10 15 1 2 8.27793 myo;
910 10 15 1 1 14.391 myo;
911 10 15 1 2 24.2736 myo;
912 10 15 1 2 31.7449 myo;
913 10 15 1 2 42.6175 myo;
914 10 16 4 1 2.45205 myo;
915 10 16 4 1 9.51319 myo;
916 10 16 4 2 18.7306 myo;
917 10 16 4 1 24.5774 myo;
918 10 16 4 2 41.7666 myo;
919 10 16 4 2 52.1628 myo;
920 10 16 4 2 64.73 myo;
921 10 16 4 2 73.949 myo;
922 10 17 3 2 11.4866 myo;
923 10 17 3 2 24.4735 myo;
924 10 17 3 2 35.6537 myo;
925 10 18 2 6 24.7723 myo;
926 10 18 2 2 35.3484 myo;
927 10 19 1 1 0.523003 myo;
928 10 19 1 2 13.5825 myo;
929 10 19 1 2 26.4627 myo;
930 10 19 1 2 36.8739 myo;
931 10 20 5 2 6.35653 myo;
932 10 20 5 2 14.6089 myo;
933 10 20 5 1 18.9145 myo;
934 10 20 5 2 30.7078 myo;
935 11 1 2 2 12.2258 pho;
936 11 1 2 8 53.0616 pho;
937 11 1 2 8 88.6904 pho;
938 11 2 5 10 22.7574 pho;
939 11 3 4 6 16.6958 pho;
940 11 4 1 8 15.4974 pho;
941 11 5 3 8 13.9882 pho;
942 11 6 4 0 20.0089 pho;
943 11 7 5 7 10.7435 pho;
944 11 8 1 10 12.0117 pho;
945 11 9 2 5 8.1509 pho;
946 11 10 3 8 14.0282 pho;
947 11 11 4 5 21.4132 pho;
948 11 12 5 6 11.8517 pho;
949 11 13 3 10 10.6864 pho;
950 11 15 2 6 15.1446 pho;
951 11 16 3 4 12.9208 pho;
952 11 17 4 6 8.33594 pho;
953 11 18 2 6 11.8307 pho;
954 11 19 1 8 8.95207 pho;
955 11 20 5 9 18.8776 pho;
956 11 1 2 1 2.44905 myo;
957 11 1 2 2 19.3503 myo;
958 11 1 2 2 50.338 myo;
959 11 1 2 2 67.1774 myo;
960 11 2 4 3 16.9776 myo;
961 11 2 4 2 27.1874 myo;
962 11 3 3 3 13.2217 myo;
963 11 3 3 2 24.8972 myo;
964 11 4 5 3 12.1568 myo;
965 11 4 5 2 29.1703 myo;
966 11 5 1 2 5.32871 myo;
967 11 5 1 2 19.941 myo;
968 11 5 1 2 41.7887 myo;
969 11 6 2 2 9.05209 myo;
970 11 6 2 2 24.4185 myo;
971 11 6 2 2 31.6167 myo;
972 11 7 4 4 4.54503 myo;
973 11 8 1 4 20.1788 myo;
974 11 9 3 4 18.082 myo;
975 11 11 2 4 0.556003 myo;
976 11 11 2 3 7.80083 myo;
977 11 11 2 2 18.5927 myo;
978 11 12 1 1 2.43605 myo;
979 11 12 1 3 16.7397 myo;
980 11 12 1 2 27.9331 myo;
981 11 13 3 4 11.7297 myo;
982 11 14 5 4 9.83126 myo;
983 11 15 4 2 6.92064 myo;
984 11 15 4 4 22.9803 myo;
985 11 15 4 2 32.7468 myo;
986 11 16 3 3 10.6634 myo;
987 11 16 3 2 19.4582 myo;
988 11 17 1 4 14.368 myo;
989 11 19 4 4 0.109 myo;
990 11 19 4 4 11.8857 myo;
991 11 20 5 1 2.45505 myo;
992 11 20 5 1 6.09558 myo;
993 11 20 5 4 30.5257 myo;
994 10 1 5 5 13.2916 pho;
995 10 2 5 0 13.1821 pho;
996 10 3 4 5 9.84426 pho;
997 10 4 3 4 8.02887 pho;
998 10 5 1 4 8.69902 pho;
999 10 6 5 5 6.60357 pho;
1000 10 7 4 4 7.6888 pho;
1001 10 8 2 4 7.50476 pho;
1002 10 9 3 4 9.68923 pho;
1003 10 10 1 4 10.2774 pho;
1004 10 11 4 4 9.73524 pho;
1005 10 12 5 4 7.53977 pho;
1006 10 13 2 4 9.86627 pho;
1007 10 14 1 4 6.45354 pho;
1008 10 15 3 4 7.03766 pho;
1009 10 16 4 4 5.45369 pho;
1010 10 17 2 4 6.49455 pho;
1011 10 18 3 4 8.33494 pho;
1012 10 19 5 4 8.46697 pho;
1013 10 20 1 4 6.01259 pho;
1014 12 1 2 4 14.0202 pho;
1015 12 1 2 2 26.745 pho;
1016 12 2 5 2 21.9609 pho;
1017 12 3 3 5 8.1449 pho;
1018 12 4 4 5 7.47876 pho;
1019 12 5 1 5 10.7865 pho;
1020 12 6 3 4 7.81383 pho;
1021 12 7 5 5 7.41874 pho;
1022 12 8 2 3 7.52477 pho;
1023 12 9 1 0 23.7839 pho;
1024 12 10 4 0 12.7079 pho;
1025 12 11 2 4 6.33754 pho;
1026 12 12 3 0 11.7067 pho;
1027 12 13 1 5 6.81662 pho;
1028 12 14 4 3 14.9507 pho;
1029 12 15 5 4 5.74264 pho;
1030 12 16 1 3 6.04459 pho;
1031 12 17 3 5 6.80961 pho;
1032 12 18 4 4 6.35253 pho;
1033 12 19 2 0 10.5544 pho;
1034 12 20 5 3 6.59557 pho;
1035 12 1 4 1 2.45005 myo;
1036 12 1 4 6 26.3216 myo;
1037 12 1 4 2 44.3562 myo;
1038 12 1 4 2 55.9775 myo;
1039 12 1 4 2 75.4355 myo;
1040 12 2 5 5 15.7633 myo;
1041 12 2 5 2 30.7709 myo;
1042 12 2 5 2 38.1141 myo;
1043 12 2 5 2 49.9866 myo;
1044 12 2 5 2 78.9879 myo;
1045 12 3 3 3 7.6888 myo;
1046 12 3 3 2 22.8873 myo;
1047 12 4 1 3 16.9436 myo;
1048 12 4 1 2 40.4143 myo;
1049 12 5 2 4 20.5826 myo;
1050 12 5 2 2 43.5444 myo;
1051 12 6 4 1 2.45305 myo;
1052 12 6 4 3 21.9788 myo;
1053 12 6 4 2 37.9609 myo;
1054 12 6 4 2 43.127 myo;
1055 12 7 3 3 17.0885 myo;
1056 12 7 3 3 31.3805 myo;
1057 12 8 1 2 8.89206 myo;
1058 12 8 1 2 22.9613 myo;
1059 12 8 1 2 33.1162 myo;
1060 12 8 1 2 61.7361 myo;
1061 12 8 1 2 76.2813 myo;
1062 12 8 1 2 87.7775 myo;
1063 12 9 2 2 3.605 myo;
1064 12 9 2 3 22.2387 myo;
1065 12 9 2 2 56.4269 myo;
1066 12 9 2 2 74.8069 myo;
1067 12 10 5 3 9.79625 myo;
1068 12 10 5 2 24.2076 myo;
1069 12 10 5 3 50.356 myo;
1070 12 10 5 2 64.2626 myo;
1071 12 10 5 2 79.7817 myo;
1072 12 11 4 2 9.22013 myo;
1073 12 11 4 2 16.5868 myo;
1074 12 11 4 3 29.3145 myo;
1075 12 12 3 2 5.04375 myo;
1076 12 12 3 3 17.5323 myo;
1077 12 12 3 2 31.6698 myo;
1078 12 13 2 4 18.6077 myo;
1079 12 13 2 3 41.5214 myo;
1080 12 14 5 3 15.4454 myo;
1081 12 14 5 2 32.9861 myo;
1082 12 15 1 2 4.1629 myo;
1083 12 15 1 3 15.9202 myo;
1084 12 15 1 2 34.1722 myo;
1085 12 15 1 2 51.5742 myo;
1086 12 15 1 2 61.8282 myo;
1087 12 16 3 3 8.01687 myo;
1088 12 16 3 2 25.421 myo;
1089 12 17 2 4 19.5302 myo;
1090 12 17 2 2 35.982 myo;
1091 12 18 4 3 10.3394 myo;
1092 12 18 4 2 21.4152 myo;
1093 12 19 1 3 5.64965 myo;
1094 12 19 1 4 48.9156 myo;
1095 12 19 1 1 55.0306 myo;
1096 12 19 1 3 68.0733 myo;
1097 12 19 1 2 84.9488 myo;
1098 12 19 1 2 104.07 myo;
1099 12 19 1 2 124.33 myo;
1100 12 20 5 4 23.3951 myo;
1101 12 20 5 3 42.3502 myo;
