9 46 1 1 6 0 1 0 0 0 1 0 0 0 4 1 4 4;
9 46 1 1 6 0 1 0 0 0 1 0 0 0 4 1 4 4;
9 53 0 1 5 0 1 1 1 0 1 1 1 1 1 3 5 2;
9 24 0 0 6 1 1 1 0 0 1 1 0 1 5 2 6 4;
9 24 0 0 6 1 1 1 0 0 1 1 0 1 5 2 6 4;
9 26 0 0 3 0 1 1 0 1 1 1 0 0 5 2 6 4;
9 26 0 0 6 0 1 1 0 1 1 0 0 1 3 2 4 3;
9 26 0 0 5 0 1 1 1 1 1 1 1 1 4 2 4 2;
9 26 0 0 5 0 1 1 1 1 1 1 1 1 4 2 4 2;
9 30 0 0 4 0 1 1 1 1 1 1 1 1 4 2 5 2;
9 30 0 0 4 0 1 1 1 1 1 1 1 1 4 2 5 2;
9 30 0 0 3 0 1 0 0 0 0 0 0 0 3 3 3 3;
9 25 0 0 6 0 1 1 0 1 1 1 0 1 3 1 6 1;
9 25 0 0 6 0 1 1 0 1 1 1 0 1 3 1 6 1;
9 25 0 0 6 0 1 1 0 1 1 1 0 1 3 1 6 1;
9 25 0 0 6 0 1 1 0 1 1 1 0 1 3 1 6 1;
